        TIME,    TIDE,      OB,   SURGE,    BIAS,     TWL,SURGE90p,  TWL90p,SURGE10p,   TWL10p
202605020000,   4.629,   5.949,   0.600,   0.720,   5.949,   0.600,   5.949,   0.700,   6.049
202605020006,   4.785,9999.000,9999.000,9999.000,9999.000,9999.000,9999.000,9999.000,9999.000
202605020012,   4.935,   5.940,9999.000,9999.000,9999.000,9999.000,9999.000,9999.000,9999.000
202605020018,   5.080,9999.000,9999.000,9999.000,9999.000,9999.000,9999.000,9999.000,9999.000
202605020024,   5.217,   6.228,9999.000,9999.000,9999.000,9999.000,9999.000,9999.000,9999.000
202605020030,   5.348,9999.000,9999.000,9999.000,9999.000,9999.000,9999.000,9999.000,9999.000
202605020036,   5.472,   6.477,9999.000,9999.000,9999.000,9999.000,9999.000,9999.000,9999.000
202605020042,   5.588,9999.000,9999.000,9999.000,9999.000,9999.000,9999.000,9999.000,9999.000
202605020048,   5.697,   6.697,9999.000,9999.000,9999.000,9999.000,9999.000,9999.000,9999.000
202605020054,   5.800,9999.000,9999.000,9999.000,9999.000,9999.000,9999.000,9999.000,9999.000
202605020100,   5.894,   7.097,   0.700,   0.503,   7.097,   0.600,   6.997,   0.700,   7.097
202605020106,   5.981,   7.166,9999.000,9999.000,9999.000,9999.000,9999.000,9999.000,9999.000
202605020112,   6.061,   7.019,9999.000,9999.000,9999.000,9999.000,9999.000,9999.000,9999.000
202605020118,   6.133,   7.068,9999.000,9999.000,9999.000,9999.000,9999.000,9999.000,9999.000
202605020124,   6.198,   7.117,9999.000,9999.000,9999.000,9999.000,9999.000,9999.000,9999.000
202605020130,   6.255,   7.166,9999.000,9999.000,9999.000,9999.000,9999.000,9999.000,9999.000
202605020136,   6.304,   7.229,9999.000,9999.000,9999.000,9999.000,9999.000,9999.000,9999.000
202605020142,   6.346,   7.268,9999.000,9999.000,9999.000,9999.000,9999.000,9999.000,9999.000
202605020148,   6.381,   7.307,9999.000,9999.000,9999.000,9999.000,9999.000,9999.000,9999.000
202605020154,   6.408,   7.327,9999.000,9999.000,9999.000,9999.000,9999.000,9999.000,9999.000
202605020200,   6.428,   7.498,   0.700,   0.370,   7.498,   0.600,   7.398,   0.700,   7.498
202605020206,   6.441,   7.507,9999.000,9999.000,9999.000,9999.000,9999.000,9999.000,9999.000
202605020212,   6.446,   7.357,9999.000,9999.000,9999.000,9999.000,9999.000,9999.000,9999.000
202605020218,   6.444,   7.347,9999.000,9999.000,9999.000,9999.000,9999.000,9999.000,9999.000
202605020224,   6.435,   7.327,9999.000,9999.000,9999.000,9999.000,9999.000,9999.000,9999.000
202605020230,   6.419,   7.307,9999.000,9999.000,9999.000,9999.000,9999.000,9999.000,9999.000
202605020236,   6.396,   7.288,9999.000,9999.000,9999.000,9999.000,9999.000,9999.000,9999.000
202605020242,   6.367,   7.248,9999.000,9999.000,9999.000,9999.000,9999.000,9999.000,9999.000
202605020248,   6.331,   7.209,9999.000,9999.000,9999.000,9999.000,9999.000,9999.000,9999.000
202605020254,   6.289,   7.147,9999.000,9999.000,9999.000,9999.000,9999.000,9999.000,9999.000
202605020300,   6.240,   7.176,   0.700,   0.236,   7.176,   0.600,   7.076,   0.700,   7.176
202605020306,   6.186,   7.107,9999.000,9999.000,9999.000,9999.000,9999.000,9999.000,9999.000
202605020312,   6.125,   6.956,9999.000,9999.000,9999.000,9999.000,9999.000,9999.000,9999.000
202605020318,   6.060,   6.868,9999.000,9999.000,9999.000,9999.000,9999.000,9999.000,9999.000
202605020324,   5.988,   6.779,9999.000,9999.000,9999.000,9999.000,9999.000,9999.000,9999.000
202605020330,   5.912,   6.658,9999.000,9999.000,9999.000,9999.000,9999.000,9999.000,9999.000
202605020336,   5.831,   6.527,9999.000,9999.000,9999.000,9999.000,9999.000,9999.000,9999.000
202605020342,   5.744,   6.399,9999.000,9999.000,9999.000,9999.000,9999.000,9999.000,9999.000
202605020348,   5.654,   6.277,9999.000,9999.000,9999.000,9999.000,9999.000,9999.000,9999.000
202605020354,   5.559,   6.159,9999.000,9999.000,9999.000,9999.000,9999.000,9999.000,9999.000
202605020400,   5.460,   6.077,   0.700,  -0.083,   6.077,   0.600,   5.977,   0.700,   6.077
202605020406,   5.357,   5.959,9999.000,9999.000,9999.000,9999.000,9999.000,9999.000,9999.000
202605020412,   5.250,   5.808,9999.000,9999.000,9999.000,9999.000,9999.000,9999.000,9999.000
202605020418,   5.140,   5.677,9999.000,9999.000,9999.000,9999.000,9999.000,9999.000,9999.000
202605020424,   5.026,   5.539,9999.000,9999.000,9999.000,9999.000,9999.000,9999.000,9999.000
202605020430,   4.910,   5.398,9999.000,9999.000,9999.000,9999.000,9999.000,9999.000,9999.000
202605020436,   4.790,   5.277,9999.000,9999.000,9999.000,9999.000,9999.000,9999.000,9999.000
202605020442,   4.668,   5.159,9999.000,9999.000,9999.000,9999.000,9999.000,9999.000,9999.000
202605020448,   4.543,   5.038,9999.000,9999.000,9999.000,9999.000,9999.000,9999.000,9999.000
202605020454,   4.416,   4.939,9999.000,9999.000,9999.000,9999.000,9999.000,9999.000,9999.000
202605020500,   4.287,   4.808,   0.600,  -0.079,   4.808,   0.600,   4.808,   0.700,   4.908
202605020506,   4.156,   4.690,9999.000,9999.000,9999.000,9999.000,9999.000,9999.000,9999.000
202605020512,   4.023,   4.539,9999.000,9999.000,9999.000,9999.000,9999.000,9999.000,9999.000
202605020518,   3.889,   4.408,9999.000,9999.000,9999.000,9999.000,9999.000,9999.000,9999.000
202605020524,   3.753,   4.290,9999.000,9999.000,9999.000,9999.000,9999.000,9999.000,9999.000
202605020530,   3.616,   4.168,9999.000,9999.000,9999.000,9999.000,9999.000,9999.000,9999.000
202605020536,   3.478,   4.057,9999.000,9999.000,9999.000,9999.000,9999.000,9999.000,9999.000
202605020542,   3.340,   3.949,9999.000,9999.000,9999.000,9999.000,9999.000,9999.000,9999.000
202605020548,   3.201,   3.837,9999.000,9999.000,9999.000,9999.000,9999.000,9999.000,9999.000
202605020554,   3.062,   3.719,9999.000,9999.000,9999.000,9999.000,9999.000,9999.000,9999.000
202605020600,   2.923,   3.598,   0.700,  -0.025,   3.598,   0.600,   3.498,   0.700,   3.598
202605020606,   2.784,   3.460,9999.000,9999.000,9999.000,9999.000,9999.000,9999.000,9999.000
202605020612,   2.646,   3.309,9999.000,9999.000,9999.000,9999.000,9999.000,9999.000,9999.000
202605020618,   2.509,   3.168,9999.000,9999.000,9999.000,9999.000,9999.000,9999.000,9999.000
202605020624,   2.373,   3.050,9999.000,9999.000,9999.000,9999.000,9999.000,9999.000,9999.000
202605020630,   2.238,   2.938,9999.000,9999.000,9999.000,9999.000,9999.000,9999.000,9999.000
202605020636,   2.105,   2.830,9999.000,9999.000,9999.000,9999.000,9999.000,9999.000,9999.000
202605020642,   1.974,   2.719,9999.000,9999.000,9999.000,9999.000,9999.000,9999.000,9999.000
202605020648,   1.845,   2.620,9999.000,9999.000,9999.000,9999.000,9999.000,9999.000,9999.000
202605020654,   1.719,   2.528,9999.000,9999.000,9999.000,9999.000,9999.000,9999.000,9999.000
202605020700,   1.595,   2.469,   0.600,   0.274,   2.469,   0.600,   2.469,   0.600,   2.469
202605020706,   1.476,   2.368,9999.000,9999.000,9999.000,9999.000,9999.000,9999.000,9999.000
202605020712,   1.359,   2.220,9999.000,9999.000,9999.000,9999.000,9999.000,9999.000,9999.000
202605020718,   1.247,   2.109,9999.000,9999.000,9999.000,9999.000,9999.000,9999.000,9999.000
202605020724,   1.138,   2.010,9999.000,9999.000,9999.000,9999.000,9999.000,9999.000,9999.000
202605020730,   1.034,   1.908,9999.000,9999.000,9999.000,9999.000,9999.000,9999.000,9999.000
202605020736,   0.935,   1.820,9999.000,9999.000,9999.000,9999.000,9999.000,9999.000,9999.000
202605020742,   0.841,   1.728,9999.000,9999.000,9999.000,9999.000,9999.000,9999.000,9999.000
202605020748,   0.752,   1.620,9999.000,9999.000,9999.000,9999.000,9999.000,9999.000,9999.000
202605020754,   0.669,   1.518,9999.000,9999.000,9999.000,9999.000,9999.000,9999.000,9999.000
202605020800,   0.592,   1.479,   0.600,   0.287,   1.479,   0.500,   1.379,   0.600,   1.479
202605020806,   0.521,   1.410,9999.000,9999.000,9999.000,9999.000,9999.000,9999.000,9999.000
202605020812,   0.456,   1.259,9999.000,9999.000,9999.000,9999.000,9999.000,9999.000,9999.000
202605020818,   0.397,   1.180,9999.000,9999.000,9999.000,9999.000,9999.000,9999.000,9999.000
202605020824,   0.346,   1.088,9999.000,9999.000,9999.000,9999.000,9999.000,9999.000,9999.000
202605020830,   0.300,   1.020,9999.000,9999.000,9999.000,9999.000,9999.000,9999.000,9999.000
202605020836,   0.262,   0.951,9999.000,9999.000,9999.000,9999.000,9999.000,9999.000,9999.000
202605020842,   0.231,   0.898,9999.000,9999.000,9999.000,9999.000,9999.000,9999.000,9999.000
202605020848,   0.207,   0.849,9999.000,9999.000,9999.000,9999.000,9999.000,9999.000,9999.000
202605020854,   0.190,   0.810,9999.000,9999.000,9999.000,9999.000,9999.000,9999.000,9999.000
202605020900,   0.180,   0.908,   0.500,   0.228,   0.908,   0.500,   0.908,   0.600,   1.008
202605020906,   0.177,   0.879,9999.000,9999.000,9999.000,9999.000,9999.000,9999.000,9999.000
202605020912,   0.181,   0.731,9999.000,9999.000,9999.000,9999.000,9999.000,9999.000,9999.000
202605020918,   0.193,   0.718,9999.000,9999.000,9999.000,9999.000,9999.000,9999.000,9999.000
202605020924,   0.211,   0.741,9999.000,9999.000,9999.000,9999.000,9999.000,9999.000,9999.000
202605020930,   0.237,   0.790,9999.000,9999.000,9999.000,9999.000,9999.000,9999.000,9999.000
202605020936,   0.271,   0.859,9999.000,9999.000,9999.000,9999.000,9999.000,9999.000,9999.000
202605020942,   0.311,   0.961,9999.000,9999.000,9999.000,9999.000,9999.000,9999.000,9999.000
202605020948,   0.359,   1.088,9999.000,9999.000,9999.000,9999.000,9999.000,9999.000,9999.000
202605020954,   0.414,   1.210,9999.000,9999.000,9999.000,9999.000,9999.000,9999.000,9999.000
202605021000,   0.476,   1.630,   0.500,   0.654,   1.630,   0.500,   1.630,   0.600,   1.730
202605021006,   0.545,   1.748,9999.000,9999.000,9999.000,9999.000,9999.000,9999.000,9999.000
202605021012,   0.621,   1.600,9999.000,9999.000,9999.000,9999.000,9999.000,9999.000,9999.000
202605021018,   0.705,   1.718,9999.000,9999.000,9999.000,9999.000,9999.000,9999.000,9999.000
202605021024,   0.795,   1.840,9999.000,9999.000,9999.000,9999.000,9999.000,9999.000,9999.000
202605021030,   0.893,   1.948,9999.000,9999.000,9999.000,9999.000,9999.000,9999.000,9999.000
202605021036,   0.997,   2.069,9999.000,9999.000,9999.000,9999.000,9999.000,9999.000,9999.000
202605021042,   1.107,   2.168,9999.000,9999.000,9999.000,9999.000,9999.000,9999.000,9999.000
202605021048,   1.224,   2.259,9999.000,9999.000,9999.000,9999.000,9999.000,9999.000,9999.000
202605021054,   1.347,   2.358,9999.000,9999.000,9999.000,9999.000,9999.000,9999.000,9999.000
202605021100,   1.475,   2.699,   0.500,   0.724,   2.699,   0.500,   2.699,   0.500,   2.699
202605021106,   1.609,   2.807,9999.000,9999.000,9999.000,9999.000,9999.000,9999.000,9999.000
202605021112,   1.747,   2.660,9999.000,9999.000,9999.000,9999.000,9999.000,9999.000,9999.000
202605021118,   1.889,   2.778,9999.000,9999.000,9999.000,9999.000,9999.000,9999.000,9999.000
202605021124,   2.034,   2.919,9999.000,9999.000,9999.000,9999.000,9999.000,9999.000,9999.000
202605021130,   2.182,   3.070,9999.000,9999.000,9999.000,9999.000,9999.000,9999.000,9999.000
202605021136,   2.332,   3.217,9999.000,9999.000,9999.000,9999.000,9999.000,9999.000,9999.000
202605021142,   2.483,   3.358,9999.000,9999.000,9999.000,9999.000,9999.000,9999.000,9999.000
202605021148,   2.634,   3.470,9999.000,9999.000,9999.000,9999.000,9999.000,9999.000,9999.000
202605021154,   2.785,   3.578,9999.000,9999.000,9999.000,9999.000,9999.000,9999.000,9999.000
202605021200,   2.934,   3.929,   0.500,   0.495,   3.929,   0.500,   3.929,   0.600,   4.029
202605021206,   3.082,   4.037,9999.000,9999.000,9999.000,9999.000,9999.000,9999.000,9999.000
202605021212,   3.226,   3.890,9999.000,9999.000,9999.000,9999.000,9999.000,9999.000,9999.000
202605021218,   3.367,   3.998,9999.000,9999.000,9999.000,9999.000,9999.000,9999.000,9999.000
202605021224,   3.504,   4.109,9999.000,9999.000,9999.000,9999.000,9999.000,9999.000,9999.000
202605021230,   3.637,   4.218,9999.000,9999.000,9999.000,9999.000,9999.000,9999.000,9999.000
202605021236,   3.764,   4.339,9999.000,9999.000,9999.000,9999.000,9999.000,9999.000,9999.000
202605021242,   3.886,   4.467,9999.000,9999.000,9999.000,9999.000,9999.000,9999.000,9999.000
202605021248,   4.003,   4.608,9999.000,9999.000,9999.000,9999.000,9999.000,9999.000,9999.000
202605021254,   4.114,   5.008,9999.000,9999.000,9999.000,9999.000,9999.000,9999.000,9999.000
202605021300,   4.219,   5.097,   0.500,   0.378,   5.097,   0.500,   5.097,   0.500,   5.097
202605021306,   4.317,   5.179,9999.000,9999.000,9999.000,9999.000,9999.000,9999.000,9999.000
202605021312,   4.409,   5.028,9999.000,9999.000,9999.000,9999.000,9999.000,9999.000,9999.000
202605021318,   4.495,   5.120,9999.000,9999.000,9999.000,9999.000,9999.000,9999.000,9999.000
202605021324,   4.574,   5.218,9999.000,9999.000,9999.000,9999.000,9999.000,9999.000,9999.000
202605021330,   4.647,   5.307,9999.000,9999.000,9999.000,9999.000,9999.000,9999.000,9999.000
202605021336,   4.713,   5.389,9999.000,9999.000,9999.000,9999.000,9999.000,9999.000,9999.000
202605021342,   4.773,   5.448,9999.000,9999.000,9999.000,9999.000,9999.000,9999.000,9999.000
202605021348,   4.827,   5.487,9999.000,9999.000,9999.000,9999.000,9999.000,9999.000,9999.000
202605021354,   4.873,   5.749,9999.000,9999.000,9999.000,9999.000,9999.000,9999.000,9999.000
202605021400,   4.914,   5.799,   0.500,   0.385,   5.799,   0.500,   5.799,   0.500,   5.799
202605021406,   4.948,   5.848,9999.000,9999.000,9999.000,9999.000,9999.000,9999.000,9999.000
202605021412,   4.975,   5.697,9999.000,9999.000,9999.000,9999.000,9999.000,9999.000,9999.000
202605021418,   4.996,   5.730,9999.000,9999.000,9999.000,9999.000,9999.000,9999.000,9999.000
202605021424,   5.011,   5.749,9999.000,9999.000,9999.000,9999.000,9999.000,9999.000,9999.000
202605021430,   5.019,   5.759,9999.000,9999.000,9999.000,9999.000,9999.000,9999.000,9999.000
202605021436,   5.022,   5.749,9999.000,9999.000,9999.000,9999.000,9999.000,9999.000,9999.000
202605021442,   5.018,   5.730,9999.000,9999.000,9999.000,9999.000,9999.000,9999.000,9999.000
202605021448,   5.008,   5.697,9999.000,9999.000,9999.000,9999.000,9999.000,9999.000,9999.000
202605021454,   4.993,   5.657,9999.000,9999.000,9999.000,9999.000,9999.000,9999.000,9999.000
202605021500,   4.972,   5.749,   0.500,   0.277,   5.749,   0.400,   5.649,   0.500,   5.749
202605021506,   4.945,   5.707,9999.000,9999.000,9999.000,9999.000,9999.000,9999.000,9999.000
202605021512,   4.913,   5.559,9999.000,9999.000,9999.000,9999.000,9999.000,9999.000,9999.000
202605021518,   4.875,   5.516,9999.000,9999.000,9999.000,9999.000,9999.000,9999.000,9999.000
202605021524,   4.833,   5.467,9999.000,9999.000,9999.000,9999.000,9999.000,9999.000,9999.000
202605021530,   4.785,   5.408,9999.000,9999.000,9999.000,9999.000,9999.000,9999.000,9999.000
202605021536,   4.733,   5.359,9999.000,9999.000,9999.000,9999.000,9999.000,9999.000,9999.000
202605021542,   4.677,   5.297,9999.000,9999.000,9999.000,9999.000,9999.000,9999.000,9999.000
202605021548,   4.616,   5.218,9999.000,9999.000,9999.000,9999.000,9999.000,9999.000,9999.000
202605021554,   4.551,   5.159,9999.000,9999.000,9999.000,9999.000,9999.000,9999.000,9999.000
202605021600,   4.482,   5.139,   0.500,   0.157,   5.139,   0.400,   5.039,   0.500,   5.139
202605021606,   4.409,   5.038,9999.000,9999.000,9999.000,9999.000,9999.000,9999.000,9999.000
202605021612,   4.333,   4.887,9999.000,9999.000,9999.000,9999.000,9999.000,9999.000,9999.000
202605021618,   4.254,   4.788,9999.000,9999.000,9999.000,9999.000,9999.000,9999.000,9999.000
202605021624,   4.171,   4.700,9999.000,9999.000,9999.000,9999.000,9999.000,9999.000,9999.000
202605021630,   4.086,   4.618,9999.000,9999.000,9999.000,9999.000,9999.000,9999.000,9999.000
202605021636,   3.997,   4.529,9999.000,9999.000,9999.000,9999.000,9999.000,9999.000,9999.000
202605021642,   3.906,   4.427,9999.000,9999.000,9999.000,9999.000,9999.000,9999.000,9999.000
202605021648,   3.813,   4.309,9999.000,9999.000,9999.000,9999.000,9999.000,9999.000,9999.000
202605021654,   3.717,   4.178,9999.000,9999.000,9999.000,9999.000,9999.000,9999.000,9999.000
202605021700,   3.620,   4.080,   0.500,  -0.040,   4.080,   0.400,   3.980,   0.500,   4.080
202605021706,   3.520,   3.988,9999.000,9999.000,9999.000,9999.000,9999.000,9999.000,9999.000
202605021712,   3.418,   3.837,9999.000,9999.000,9999.000,9999.000,9999.000,9999.000,9999.000
202605021718,   3.315,   3.758,9999.000,9999.000,9999.000,9999.000,9999.000,9999.000,9999.000
202605021724,   3.211,   3.670,9999.000,9999.000,9999.000,9999.000,9999.000,9999.000,9999.000
202605021730,   3.105,   3.568,9999.000,9999.000,9999.000,9999.000,9999.000,9999.000,9999.000
202605021736,   2.998,   3.470,9999.000,9999.000,9999.000,9999.000,9999.000,9999.000,9999.000
202605021742,   2.891,   3.348,9999.000,9999.000,9999.000,9999.000,9999.000,9999.000,9999.000
202605021748,   2.782,   3.240,9999.000,9999.000,9999.000,9999.000,9999.000,9999.000,9999.000
202605021754,   2.673,   3.129,9999.000,9999.000,9999.000,9999.000,9999.000,9999.000,9999.000
202605021800,   2.563,   3.050,   0.500,  -0.013,   3.050,   0.400,   2.950,   0.500,   3.050
202605021806,   2.454,   2.938,9999.000,9999.000,9999.000,9999.000,9999.000,9999.000,9999.000
202605021812,   2.344,   2.787,9999.000,9999.000,9999.000,9999.000,9999.000,9999.000,9999.000
202605021818,   2.235,   2.669,9999.000,9999.000,9999.000,9999.000,9999.000,9999.000,9999.000
202605021824,   2.126,   2.538,9999.000,9999.000,9999.000,9999.000,9999.000,9999.000,9999.000
202605021830,   2.017,   2.430,9999.000,9999.000,9999.000,9999.000,9999.000,9999.000,9999.000
202605021836,   1.910,   2.328,9999.000,9999.000,9999.000,9999.000,9999.000,9999.000,9999.000
202605021842,   1.804,   2.220,9999.000,9999.000,9999.000,9999.000,9999.000,9999.000,9999.000
202605021848,   1.699,   2.118,9999.000,9999.000,9999.000,9999.000,9999.000,9999.000,9999.000
202605021854,   1.596,   2.030,9999.000,9999.000,9999.000,9999.000,9999.000,9999.000,9999.000
202605021900,   1.495,   1.928,   0.500,  -0.067,   1.928,   0.400,   1.828,   0.500,   1.928
202605021906,   1.396,   1.889,9999.000,9999.000,9999.000,9999.000,9999.000,9999.000,9999.000
202605021912,   1.299,   1.738,9999.000,9999.000,9999.000,9999.000,9999.000,9999.000,9999.000
202605021918,   1.206,   1.659,9999.000,9999.000,9999.000,9999.000,9999.000,9999.000,9999.000
202605021924,   1.115,   1.557,9999.000,9999.000,9999.000,9999.000,9999.000,9999.000,9999.000
202605021930,   1.029,   1.469,9999.000,9999.000,9999.000,9999.000,9999.000,9999.000,9999.000
202605021936,   0.946,   1.371,9999.000,9999.000,9999.000,9999.000,9999.000,9999.000,9999.000
202605021942,   0.867,   1.269,9999.000,9999.000,9999.000,9999.000,9999.000,9999.000,9999.000
202605021948,   0.793,   1.170,9999.000,9999.000,9999.000,9999.000,9999.000,9999.000,9999.000
202605021954,   0.723,   1.098,9999.000,9999.000,9999.000,9999.000,9999.000,9999.000,9999.000
202605022000,   0.659,   1.108,   0.500,  -0.051,   1.108,   0.400,   1.008,   0.500,   1.108
202605022006,   0.600,   1.039,9999.000,9999.000,9999.000,9999.000,9999.000,9999.000,9999.000
202605022012,   0.547,   0.888,9999.000,9999.000,9999.000,9999.000,9999.000,9999.000,9999.000
202605022018,   0.500,   0.839,9999.000,9999.000,9999.000,9999.000,9999.000,9999.000,9999.000
202605022024,   0.459,   0.810,9999.000,9999.000,9999.000,9999.000,9999.000,9999.000,9999.000
202605022030,   0.425,   0.770,9999.000,9999.000,9999.000,9999.000,9999.000,9999.000,9999.000
202605022036,   0.398,   0.741,9999.000,9999.000,9999.000,9999.000,9999.000,9999.000,9999.000
202605022042,   0.378,   0.708,9999.000,9999.000,9999.000,9999.000,9999.000,9999.000,9999.000
202605022048,   0.365,   0.688,9999.000,9999.000,9999.000,9999.000,9999.000,9999.000,9999.000
202605022054,   0.360,   0.678,9999.000,9999.000,9999.000,9999.000,9999.000,9999.000,9999.000
202605022100,   0.363,   0.839,   0.500,  -0.024,   0.839,   0.400,   0.739,   0.500,   0.839
202605022106,   0.373,   0.859,9999.000,9999.000,9999.000,9999.000,9999.000,9999.000,9999.000
202605022112,   0.392,   0.708,9999.000,9999.000,9999.000,9999.000,9999.000,9999.000,9999.000
202605022118,   0.418,   0.751,9999.000,9999.000,9999.000,9999.000,9999.000,9999.000,9999.000
202605022124,   0.452,   0.819,9999.000,9999.000,9999.000,9999.000,9999.000,9999.000,9999.000
202605022130,   0.494,   0.908,9999.000,9999.000,9999.000,9999.000,9999.000,9999.000,9999.000
202605022136,   0.543,   1.049,9999.000,9999.000,9999.000,9999.000,9999.000,9999.000,9999.000
202605022142,   0.600,   1.200,9999.000,9999.000,9999.000,9999.000,9999.000,9999.000,9999.000
202605022148,   0.665,   1.348,9999.000,9999.000,9999.000,9999.000,9999.000,9999.000,9999.000
202605022154,   0.737,   1.518,9999.000,9999.000,9999.000,9999.000,9999.000,9999.000,9999.000
202605022200,   0.817,   2.000,   0.500,   0.683,   2.000,   0.400,   1.900,   0.600,   2.100
202605022206,   0.904,   2.118,9999.000,9999.000,9999.000,9999.000,9999.000,9999.000,9999.000
202605022212,   0.998,   1.967,9999.000,9999.000,9999.000,9999.000,9999.000,9999.000,9999.000
202605022218,   1.098,   2.079,9999.000,9999.000,9999.000,9999.000,9999.000,9999.000,9999.000
202605022224,   1.206,   2.200,9999.000,9999.000,9999.000,9999.000,9999.000,9999.000,9999.000
202605022230,   1.320,   2.348,9999.000,9999.000,9999.000,9999.000,9999.000,9999.000,9999.000
202605022236,   1.441,   2.499,9999.000,9999.000,9999.000,9999.000,9999.000,9999.000,9999.000
202605022242,   1.568,   2.650,9999.000,9999.000,9999.000,9999.000,9999.000,9999.000,9999.000
202605022248,   1.701,   2.787,9999.000,9999.000,9999.000,9999.000,9999.000,9999.000,9999.000
202605022254,   1.840,   2.938,9999.000,9999.000,9999.000,9999.000,9999.000,9999.000,9999.000
202605022300,   1.984,   3.339,   0.500,   0.855,   3.339,   0.400,   3.239,   0.600,   3.439
202605022306,   2.134,   3.480,9999.000,9999.000,9999.000,9999.000,9999.000,9999.000,9999.000
202605022312,   2.288,   3.329,9999.000,9999.000,9999.000,9999.000,9999.000,9999.000,9999.000
202605022318,   2.447,   3.470,9999.000,9999.000,9999.000,9999.000,9999.000,9999.000,9999.000
202605022324,   2.611,   3.627,9999.000,9999.000,9999.000,9999.000,9999.000,9999.000,9999.000
202605022330,   2.777,   3.788,9999.000,9999.000,9999.000,9999.000,9999.000,9999.000,9999.000
202605022336,   2.946,   3.929,9999.000,9999.000,9999.000,9999.000,9999.000,9999.000,9999.000
202605022342,   3.118,   4.070,9999.000,9999.000,9999.000,9999.000,9999.000,9999.000,9999.000
202605022348,   3.291,   4.188,9999.000,9999.000,9999.000,9999.000,9999.000,9999.000,9999.000
202605022354,   3.465,   4.339,9999.000,9999.000,9999.000,9999.000,9999.000,9999.000,9999.000
202605030000,   3.639,   4.769,   0.500,   0.630,   4.769,   0.500,   4.769,   0.500,   4.769
202605030006,   3.812,   4.900,9999.000,9999.000,9999.000,9999.000,9999.000,9999.000,9999.000
202605030012,   3.984,   4.749,9999.000,9999.000,9999.000,9999.000,9999.000,9999.000,9999.000
202605030018,   4.153,   4.857,9999.000,9999.000,9999.000,9999.000,9999.000,9999.000,9999.000
202605030024,   4.319,   4.979,9999.000,9999.000,9999.000,9999.000,9999.000,9999.000,9999.000
202605030030,   4.482,   5.097,9999.000,9999.000,9999.000,9999.000,9999.000,9999.000,9999.000
202605030036,   4.640,   5.238,9999.000,9999.000,9999.000,9999.000,9999.000,9999.000,9999.000
202605030042,   4.794,   5.379,9999.000,9999.000,9999.000,9999.000,9999.000,9999.000,9999.000
202605030048,   4.942,   5.507,9999.000,9999.000,9999.000,9999.000,9999.000,9999.000,9999.000
